frame_idx,num_frames,seconds,fps,local_window_full,model,n_local,sample_fps,n_frame_tokens,prune_method,prune_threshold,tokens_kept,tokens_seen,keep_rate,vision_method,vision_threshold,vision_patches_kept,vision_patches_seen,vision_keep_rate,video_hours,kv_cache_bytes,gpu_weights_bytes,gpu_peak_bytes
0,1,0.07140106800943613,14.005392746616105,False,llava_ov_7b,15000,2.0,196,rlt,0.6,11664,78400,0.14877551020408164,none,,,,,0.05555555555555555,0,16588876288,20342779392
1,1,0.015346035012044013,65.1634118660078,False,llava_ov_7b,15000,2.0,196,rlt,0.6,11664,78400,0.14877551020408164,none,,,,,0.05555555555555555,0,16588876288,20342779392
2,1,0.014822734054178,67.46393724294984,False,llava_ov_7b,15000,2.0,196,rlt,0.6,11664,78400,0.14877551020408164,none,,,,,0.05555555555555555,0,16588876288,20342779392
3,1,0.0146386040141806,68.31252481666198,False,llava_ov_7b,15000,2.0,196,rlt,0.6,11664,78400,0.14877551020408164,none,,,,,0.05555555555555555,0,16588876288,20342779392
4,1,0.014584365068003535,68.5665776560879,False,llava_ov_7b,15000,2.0,196,rlt,0.6,11664,78400,0.14877551020408164,none,,,,,0.05555555555555555,0,16588876288,20342779392
5,1,0.014564088080078363,68.6620401154989,False,llava_ov_7b,15000,2.0,196,rlt,0.6,11664,78400,0.14877551020408164,none,,,,,0.05555555555555555,0,16588876288,20342779392
6,1,0.01487976498901844,67.20536249987951,False,llava_ov_7b,15000,2.0,196,rlt,0.6,11664,78400,0.14877551020408164,none,,,,,0.05555555555555555,0,16588876288,20342779392
7,1,0.014624756062403321,68.37720887329915,False,llava_ov_7b,15000,2.0,196,rlt,0.6,11664,78400,0.14877551020408164,none,,,,,0.05555555555555555,0,16588876288,20342779392
8,1,0.07058114605024457,14.168089581431994,False,llava_ov_7b,15000,2.0,196,rlt,0.6,11664,78400,0.14877551020408164,none,,,,,0.05555555555555555,0,16588876288,20342779392
9,1,0.014980247942730784,66.75456933843698,False,llava_ov_7b,15000,2.0,196,rlt,0.6,11664,78400,0.14877551020408164,none,,,,,0.05555555555555555,0,16588876288,20342779392
10,1,0.014824577025137842,67.45555021936296,False,llava_ov_7b,15000,2.0,196,rlt,0.6,11664,78400,0.14877551020408164,none,,,,,0.05555555555555555,0,16588876288,20342779392
11,1,0.01484018808696419,67.38459068981832,False,llava_ov_7b,15000,2.0,196,rlt,0.6,11664,78400,0.14877551020408164,none,,,,,0.05555555555555555,0,16588876288,20342779392
12,1,0.01462457503657788,68.37805525964862,False,llava_ov_7b,15000,2.0,196,rlt,0.6,11664,78400,0.14877551020408164,none,,,,,0.05555555555555555,0,16588876288,20342779392
13,1,0.01455675601027906,68.69662439171636,False,llava_ov_7b,15000,2.0,196,rlt,0.6,11664,78400,0.14877551020408164,none,,,,,0.05555555555555555,0,16588876288,20342779392
14,1,0.01451941195409745,68.87331271827404,False,llava_ov_7b,15000,2.0,196,rlt,0.6,11664,78400,0.14877551020408164,none,,,,,0.05555555555555555,0,16588876288,20342779392
15,1,0.014523591031320393,68.85349483082258,False,llava_ov_7b,15000,2.0,196,rlt,0.6,11664,78400,0.14877551020408164,none,,,,,0.05555555555555555,0,16588876288,20342779392
16,1,0.01456404896453023,68.66222452529742,False,llava_ov_7b,15000,2.0,196,rlt,0.6,11664,78400,0.14877551020408164,none,,,,,0.05555555555555555,0,16588876288,20342779392
17,1,0.01459826692007482,68.50128206827408,False,llava_ov_7b,15000,2.0,196,rlt,0.6,11664,78400,0.14877551020408164,none,,,,,0.05555555555555555,0,16588876288,20342779392
18,1,0.014526756945997477,68.83848912165682,False,llava_ov_7b,15000,2.0,196,rlt,0.6,11664,78400,0.14877551020408164,none,,,,,0.05555555555555555,0,16588876288,20342779392
19,1,0.014573990018106997,68.61538938599391,False,llava_ov_7b,15000,2.0,196,rlt,0.6,11664,78400,0.14877551020408164,none,,,,,0.05555555555555555,0,16588876288,20342779392
20,1,0.01452055899426341,68.86787212496893,False,llava_ov_7b,15000,2.0,196,rlt,0.6,11664,78400,0.14877551020408164,none,,,,,0.05555555555555555,0,16588876288,20342779392
21,1,0.014497805037535727,68.97595859586588,False,llava_ov_7b,15000,2.0,196,rlt,0.6,11664,78400,0.14877551020408164,none,,,,,0.05555555555555555,0,16588876288,20342779392
22,1,0.07149619294796139,13.98675871773832,False,llava_ov_7b,15000,2.0,196,rlt,0.6,11664,78400,0.14877551020408164,none,,,,,0.05555555555555555,0,16588876288,20342779392
23,1,0.015012462041340768,66.6113257936131,False,llava_ov_7b,15000,2.0,196,rlt,0.6,11664,78400,0.14877551020408164,none,,,,,0.05555555555555555,0,16588876288,20342779392
24,1,0.014834307949058712,67.41130111590095,False,llava_ov_7b,15000,2.0,196,rlt,0.6,11664,78400,0.14877551020408164,none,,,,,0.05555555555555555,0,16588876288,20342779392
25,1,0.0146898030070588,68.07443227928083,False,llava_ov_7b,15000,2.0,196,rlt,0.6,11664,78400,0.14877551020408164,none,,,,,0.05555555555555555,0,16588876288,20342779392
26,1,0.014625046052969992,68.37585306590705,False,llava_ov_7b,15000,2.0,196,rlt,0.6,11664,78400,0.14877551020408164,none,,,,,0.05555555555555555,0,16588876288,20342779392
27,1,0.07192130200564861,13.904086440502164,False,llava_ov_7b,15000,2.0,196,rlt,0.6,11664,78400,0.14877551020408164,none,,,,,0.05555555555555555,0,16588876288,20342779392
28,1,0.01500578795094043,66.6409523624735,False,llava_ov_7b,15000,2.0,196,rlt,0.6,11664,78400,0.14877551020408164,none,,,,,0.05555555555555555,0,16588876288,20342779392
29,1,0.014732346055097878,67.87785165105913,False,llava_ov_7b,15000,2.0,196,rlt,0.6,11664,78400,0.14877551020408164,none,,,,,0.05555555555555555,0,16588876288,20342779392
30,1,0.014617256005294621,68.41229295278012,False,llava_ov_7b,15000,2.0,196,rlt,0.6,11664,78400,0.14877551020408164,none,,,,,0.05555555555555555,0,16588876288,20342779392
31,1,0.014570422936230898,68.63218757455518,False,llava_ov_7b,15000,2.0,196,rlt,0.6,11664,78400,0.14877551020408164,none,,,,,0.05555555555555555,0,16588876288,20342779392
32,1,0.01498681609518826,66.72531334531187,False,llava_ov_7b,15000,2.0,196,rlt,0.6,11664,78400,0.14877551020408164,none,,,,,0.05555555555555555,0,16588876288,20342779392
33,1,0.014544285950250924,68.75552388206088,False,llava_ov_7b,15000,2.0,196,rlt,0.6,11664,78400,0.14877551020408164,none,,,,,0.05555555555555555,0,16588876288,20342779392
34,1,0.06874289992265403,14.546956865729383,False,llava_ov_7b,15000,2.0,196,rlt,0.6,11664,78400,0.14877551020408164,none,,,,,0.05555555555555555,0,16588876288,20342779392
35,1,0.015285475994460285,65.42158061433068,False,llava_ov_7b,15000,2.0,196,rlt,0.6,11664,78400,0.14877551020408164,none,,,,,0.05555555555555555,0,16588876288,20342779392
36,1,0.014866585959680378,67.26493915362255,False,llava_ov_7b,15000,2.0,196,rlt,0.6,11664,78400,0.14877551020408164,none,,,,,0.05555555555555555,0,16588876288,20342779392
37,1,0.014706278918311,67.99816633117747,False,llava_ov_7b,15000,2.0,196,rlt,0.6,11664,78400,0.14877551020408164,none,,,,,0.05555555555555555,0,16588876288,20342779392
38,1,0.014611898106522858,68.43737840969426,False,llava_ov_7b,15000,2.0,196,rlt,0.6,11664,78400,0.14877551020408164,none,,,,,0.05555555555555555,0,16588876288,20342779392
39,1,0.014769018976949155,67.70930429169037,False,llava_ov_7b,15000,2.0,196,rlt,0.6,11664,78400,0.14877551020408164,none,,,,,0.05555555555555555,0,16588876288,20342779392
40,1,0.014560015988536179,68.6812432615012,False,llava_ov_7b,15000,2.0,196,rlt,0.6,11664,78400,0.14877551020408164,none,,,,,0.05555555555555555,0,16588876288,20342779392
41,1,0.014907607925124466,67.0798430588354,False,llava_ov_7b,15000,2.0,196,rlt,0.6,11664,78400,0.14877551020408164,none,,,,,0.05555555555555555,0,16588876288,20342779392
42,1,0.015206123935058713,65.76297840730041,False,llava_ov_7b,15000,2.0,196,rlt,0.6,11664,78400,0.14877551020408164,none,,,,,0.05555555555555555,0,16588876288,20342779392
43,1,0.015431275009177625,64.80345917011122,False,llava_ov_7b,15000,2.0,196,rlt,0.6,11664,78400,0.14877551020408164,none,,,,,0.05555555555555555,0,16588876288,20342779392
44,1,0.07032796100247651,14.219095587952369,False,llava_ov_7b,15000,2.0,196,rlt,0.6,11664,78400,0.14877551020408164,none,,,,,0.05555555555555555,0,16588876288,20342779392
45,1,0.01517125393729657,65.9141297174935,False,llava_ov_7b,15000,2.0,196,rlt,0.6,11664,78400,0.14877551020408164,none,,,,,0.05555555555555555,0,16588876288,20342779392
46,1,0.015462910989299417,64.67087605251146,False,llava_ov_7b,15000,2.0,196,rlt,0.6,11664,78400,0.14877551020408164,none,,,,,0.05555555555555555,0,16588876288,20342779392
47,1,0.01487976498901844,67.20536249987951,False,llava_ov_7b,15000,2.0,196,rlt,0.6,11664,78400,0.14877551020408164,none,,,,,0.05555555555555555,0,16588876288,20342779392
48,1,0.014609390986151993,68.44912296124349,False,llava_ov_7b,15000,2.0,196,rlt,0.6,11664,78400,0.14877551020408164,none,,,,,0.05555555555555555,0,16588876288,20342779392
49,1,0.06873561604879797,14.54849839841492,False,llava_ov_7b,15000,2.0,196,rlt,0.6,11664,78400,0.14877551020408164,none,,,,,0.05555555555555555,0,16588876288,20342779392
50,1,0.01492365903686732,67.00769546728492,False,llava_ov_7b,15000,2.0,196,rlt,0.6,11664,78400,0.14877551020408164,none,,,,,0.05555555555555555,0,16588876288,20342779392
51,1,0.014697496080771089,68.03880024899698,False,llava_ov_7b,15000,2.0,196,rlt,0.6,11664,78400,0.14877551020408164,none,,,,,0.05555555555555555,0,16588876288,20342779392
52,1,0.01461007900070399,68.4458995705509,False,llava_ov_7b,15000,2.0,196,rlt,0.6,11664,78400,0.14877551020408164,none,,,,,0.05555555555555555,0,16588876288,20342779392
53,1,0.014600330032408237,68.49160243503454,False,llava_ov_7b,15000,2.0,196,rlt,0.6,11664,78400,0.14877551020408164,none,,,,,0.05555555555555555,0,16588876288,20342779392
54,1,0.014452312956564128,69.19307677639293,False,llava_ov_7b,15000,2.0,196,rlt,0.6,11664,78400,0.14877551020408164,none,,,,,0.05555555555555555,0,16588876288,20342779392
55,1,0.014450659044086933,69.20099608946141,False,llava_ov_7b,15000,2.0,196,rlt,0.6,11664,78400,0.14877551020408164,none,,,,,0.05555555555555555,0,16588876288,20342779392
56,1,0.014487079926766455,69.0270230477842,False,llava_ov_7b,15000,2.0,196,rlt,0.6,11664,78400,0.14877551020408164,none,,,,,0.05555555555555555,0,16588876288,20342779392
57,1,0.014421015046536922,69.34324642010141,False,llava_ov_7b,15000,2.0,196,rlt,0.6,11664,78400,0.14877551020408164,none,,,,,0.05555555555555555,0,16588876288,20342779392
58,1,0.014421163941733539,69.34253046705133,False,llava_ov_7b,15000,2.0,196,rlt,0.6,11664,78400,0.14877551020408164,none,,,,,0.05555555555555555,0,16588876288,20342779392
59,1,0.014422619016841054,69.33553460937411,False,llava_ov_7b,15000,2.0,196,rlt,0.6,11664,78400,0.14877551020408164,none,,,,,0.05555555555555555,0,16588876288,20342779392
60,1,0.06852602900471538,14.592995019909711,False,llava_ov_7b,15000,2.0,196,rlt,0.6,11664,78400,0.14877551020408164,none,,,,,0.05555555555555555,0,16588876288,20342779392
61,1,0.015548676950857043,64.31415374829561,False,llava_ov_7b,15000,2.0,196,rlt,0.6,11664,78400,0.14877551020408164,none,,,,,0.05555555555555555,0,16588876288,20342779392
62,1,0.015271029085852206,65.48347163626626,False,llava_ov_7b,15000,2.0,196,rlt,0.6,11664,78400,0.14877551020408164,none,,,,,0.05555555555555555,0,16588876288,20342779392
63,1,0.015106017934158444,66.19878278700786,False,llava_ov_7b,15000,2.0,196,rlt,0.6,11664,78400,0.14877551020408164,none,,,,,0.05555555555555555,0,16588876288,20342779392
64,1,0.014889359008520842,67.16205844910601,False,llava_ov_7b,15000,2.0,196,rlt,0.6,11664,78400,0.14877551020408164,none,,,,,0.05555555555555555,0,16588876288,20342779392
65,1,0.014625653042457998,68.37301535165771,False,llava_ov_7b,15000,2.0,196,rlt,0.6,11664,78400,0.14877551020408164,none,,,,,0.05555555555555555,0,16588876288,20342779392
66,1,0.014541437034495175,68.76899426293299,False,llava_ov_7b,15000,2.0,196,rlt,0.6,11664,78400,0.14877551020408164,none,,,,,0.05555555555555555,0,16588876288,20342779392
67,1,0.014515066053718328,68.89393381326224,False,llava_ov_7b,15000,2.0,196,rlt,0.6,11664,78400,0.14877551020408164,none,,,,,0.05555555555555555,0,16588876288,20342779392
68,1,0.014523826073855162,68.85238055832508,False,llava_ov_7b,15000,2.0,196,rlt,0.6,11664,78400,0.14877551020408164,none,,,,,0.05555555555555555,0,16588876288,20342779392
69,1,0.01458853599615395,68.54697416270112,False,llava_ov_7b,15000,2.0,196,rlt,0.6,11664,78400,0.14877551020408164,none,,,,,0.05555555555555555,0,16588876288,20342779392
70,1,0.014479500008746982,69.0631582165065,False,llava_ov_7b,15000,2.0,196,rlt,0.6,11664,78400,0.14877551020408164,none,,,,,0.05555555555555555,0,16588876288,20342779392
71,1,0.014458162942901254,69.16508023524423,False,llava_ov_7b,15000,2.0,196,rlt,0.6,11664,78400,0.14877551020408164,none,,,,,0.05555555555555555,0,16588876288,20342779392
72,1,0.014456955948844552,69.17085474552638,False,llava_ov_7b,15000,2.0,196,rlt,0.6,11664,78400,0.14877551020408164,none,,,,,0.05555555555555555,0,16588876288,20342779392
73,1,0.06813005497679114,14.677809967137927,False,llava_ov_7b,15000,2.0,196,rlt,0.6,11664,78400,0.14877551020408164,none,,,,,0.05555555555555555,0,16588876288,20342779392
74,1,0.01489966397639364,67.11560754553628,False,llava_ov_7b,15000,2.0,196,rlt,0.6,11664,78400,0.14877551020408164,none,,,,,0.05555555555555555,0,16588876288,20342779392
75,1,0.014662950998172164,68.1990958112495,False,llava_ov_7b,15000,2.0,196,rlt,0.6,11664,78400,0.14877551020408164,none,,,,,0.05555555555555555,0,16588876288,20342779392
76,1,0.014574349974282086,68.61369472838247,False,llava_ov_7b,15000,2.0,196,rlt,0.6,11664,78400,0.14877551020408164,none,,,,,0.05555555555555555,0,16588876288,20342779392
77,1,0.014496189076453447,68.98364768326091,False,llava_ov_7b,15000,2.0,196,rlt,0.6,11664,78400,0.14877551020408164,none,,,,,0.05555555555555555,0,16588876288,20342779392
78,1,0.014498561038635671,68.97236196993664,False,llava_ov_7b,15000,2.0,196,rlt,0.6,11664,78400,0.14877551020408164,none,,,,,0.05555555555555555,0,16588876288,20342779392
79,1,0.014554050983861089,68.70939239589684,False,llava_ov_7b,15000,2.0,196,rlt,0.6,11664,78400,0.14877551020408164,none,,,,,0.05555555555555555,0,16588876288,20342779392
80,1,0.014559920993633568,68.68169136613155,False,llava_ov_7b,15000,2.0,196,rlt,0.6,11664,78400,0.14877551020408164,none,,,,,0.05555555555555555,0,16588876288,20342779392
81,1,0.014512861031107605,68.90440126564633,False,llava_ov_7b,15000,2.0,196,rlt,0.6,11664,78400,0.14877551020408164,none,,,,,0.05555555555555555,0,16588876288,20342779392
82,1,0.06828445906285197,14.6446206607503,False,llava_ov_7b,15000,2.0,196,rlt,0.6,11664,78400,0.14877551020408164,none,,,,,0.05555555555555555,0,16588876288,20342779392
83,1,0.014927071053534746,66.99237890766246,False,llava_ov_7b,15000,2.0,196,rlt,0.6,11664,78400,0.14877551020408164,none,,,,,0.05555555555555555,0,16588876288,20342779392
84,1,0.015041707083582878,66.48181582338086,False,llava_ov_7b,15000,2.0,196,rlt,0.6,11664,78400,0.14877551020408164,none,,,,,0.05555555555555555,0,16588876288,20342779392
85,1,0.0696459710597992,14.35833235983433,False,llava_ov_7b,15000,2.0,196,rlt,0.6,11664,78400,0.14877551020408164,none,,,,,0.05555555555555555,0,16588876288,20342779392
86,1,0.015066352090798318,66.37306721450801,False,llava_ov_7b,15000,2.0,196,rlt,0.6,11664,78400,0.14877551020408164,none,,,,,0.05555555555555555,0,16588876288,20342779392
87,1,0.014715889003127813,67.95376071316203,False,llava_ov_7b,15000,2.0,196,rlt,0.6,11664,78400,0.14877551020408164,none,,,,,0.05555555555555555,0,16588876288,20342779392
88,1,0.014544044970534742,68.75666308966541,False,llava_ov_7b,15000,2.0,196,rlt,0.6,11664,78400,0.14877551020408164,none,,,,,0.05555555555555555,0,16588876288,20342779392
89,1,0.014485190971754491,69.03602458193045,False,llava_ov_7b,15000,2.0,196,rlt,0.6,11664,78400,0.14877551020408164,none,,,,,0.05555555555555555,0,16588876288,20342779392
90,1,0.06945105001796037,14.398630398552582,False,llava_ov_7b,15000,2.0,196,rlt,0.6,11664,78400,0.14877551020408164,none,,,,,0.05555555555555555,0,16588876288,20342779392
91,1,0.014826983911916614,67.44460005762122,False,llava_ov_7b,15000,2.0,196,rlt,0.6,11664,78400,0.14877551020408164,none,,,,,0.05555555555555555,0,16588876288,20342779392
92,1,0.014715053956024349,67.95761694034425,False,llava_ov_7b,15000,2.0,196,rlt,0.6,11664,78400,0.14877551020408164,none,,,,,0.05555555555555555,0,16588876288,20342779392
93,1,0.01455545297358185,68.70277426714236,False,llava_ov_7b,15000,2.0,196,rlt,0.6,11664,78400,0.14877551020408164,none,,,,,0.05555555555555555,0,16588876288,20342779392
94,1,0.07052213395945728,14.179945271861648,False,llava_ov_7b,15000,2.0,196,rlt,0.6,11664,78400,0.14877551020408164,none,,,,,0.05555555555555555,0,16588876288,20342779392
95,1,0.014831832959316671,67.42255004779071,False,llava_ov_7b,15000,2.0,196,rlt,0.6,11664,78400,0.14877551020408164,none,,,,,0.05555555555555555,0,16588876288,20342779392
96,1,0.014684307971037924,68.09990651056316,False,llava_ov_7b,15000,2.0,196,rlt,0.6,11664,78400,0.14877551020408164,none,,,,,0.05555555555555555,0,16588876288,20342779392
97,1,0.014552490087226033,68.71676214902807,False,llava_ov_7b,15000,2.0,196,rlt,0.6,11664,78400,0.14877551020408164,none,,,,,0.05555555555555555,0,16588876288,20342779392
98,1,0.014542805030941963,68.76252537748752,False,llava_ov_7b,15000,2.0,196,rlt,0.6,11664,78400,0.14877551020408164,none,,,,,0.05555555555555555,0,16588876288,20342779392
99,1,0.07134461298119277,14.016475220961828,False,llava_ov_7b,15000,2.0,196,rlt,0.6,11664,78400,0.14877551020408164,none,,,,,0.05555555555555555,0,16588876288,20342779392
100,1,0.014932689955458045,66.96717088366856,False,llava_ov_7b,15000,2.0,196,rlt,0.6,11664,78400,0.14877551020408164,none,,,,,0.05555555555555555,0,16588876288,20342779392
101,1,0.014696032973006368,68.04557405639993,False,llava_ov_7b,15000,2.0,196,rlt,0.6,11664,78400,0.14877551020408164,none,,,,,0.05555555555555555,0,16588876288,20342779392
102,1,0.014630167046561837,68.35191948372217,False,llava_ov_7b,15000,2.0,196,rlt,0.6,11664,78400,0.14877551020408164,none,,,,,0.05555555555555555,0,16588876288,20342779392
103,1,0.07210758607834578,13.868166366205738,False,llava_ov_7b,15000,2.0,196,rlt,0.6,11664,78400,0.14877551020408164,none,,,,,0.05555555555555555,0,16588876288,20342779392
104,1,0.014810407999902964,67.52008452478499,False,llava_ov_7b,15000,2.0,196,rlt,0.6,11664,78400,0.14877551020408164,none,,,,,0.05555555555555555,0,16588876288,20342779392
105,1,0.014701421023346484,68.0206354482303,False,llava_ov_7b,15000,2.0,196,rlt,0.6,11664,78400,0.14877551020408164,none,,,,,0.05555555555555555,0,16588876288,20342779392
106,1,0.014625106938183308,68.37556841305513,False,llava_ov_7b,15000,2.0,196,rlt,0.6,11664,78400,0.14877551020408164,none,,,,,0.05555555555555555,0,16588876288,20342779392
107,1,0.01506710797548294,66.36973741923073,False,llava_ov_7b,15000,2.0,196,rlt,0.6,11664,78400,0.14877551020408164,none,,,,,0.05555555555555555,0,16588876288,20342779392
108,1,0.07260318892076612,13.773499688716537,False,llava_ov_7b,15000,2.0,196,rlt,0.6,11664,78400,0.14877551020408164,none,,,,,0.05555555555555555,0,16588876288,20342779392
109,1,0.01485175802372396,67.33209620050475,False,llava_ov_7b,15000,2.0,196,rlt,0.6,11664,78400,0.14877551020408164,none,,,,,0.05555555555555555,0,16588876288,20342779392
110,1,0.01466860098298639,68.17282719462244,False,llava_ov_7b,15000,2.0,196,rlt,0.6,11664,78400,0.14877551020408164,none,,,,,0.05555555555555555,0,16588876288,20342779392
111,1,0.014568011974915862,68.6435459911664,False,llava_ov_7b,15000,2.0,196,rlt,0.6,11664,78400,0.14877551020408164,none,,,,,0.05555555555555555,0,16588876288,20342779392
112,1,0.014510845998302102,68.91396960018795,False,llava_ov_7b,15000,2.0,196,rlt,0.6,11664,78400,0.14877551020408164,none,,,,,0.05555555555555555,0,16588876288,20342779392
113,1,0.07411454105749726,13.492628919124126,False,llava_ov_7b,15000,2.0,196,rlt,0.6,11664,78400,0.14877551020408164,none,,,,,0.05555555555555555,0,16588876288,20342779392
114,1,0.014832283020950854,67.42050421957853,False,llava_ov_7b,15000,2.0,196,rlt,0.6,11664,78400,0.14877551020408164,none,,,,,0.05555555555555555,0,16588876288,20342779392
115,1,0.014723426895216107,67.9189707068072,False,llava_ov_7b,15000,2.0,196,rlt,0.6,11664,78400,0.14877551020408164,none,,,,,0.05555555555555555,0,16588876288,20342779392
116,1,0.014627501019276679,68.36437739311465,False,llava_ov_7b,15000,2.0,196,rlt,0.6,11664,78400,0.14877551020408164,none,,,,,0.05555555555555555,0,16588876288,20342779392
117,1,0.014563951990567148,68.66268171219494,False,llava_ov_7b,15000,2.0,196,rlt,0.6,11664,78400,0.14877551020408164,none,,,,,0.05555555555555555,0,16588876288,20342779392
118,1,0.014542781049385667,68.76263876930494,False,llava_ov_7b,15000,2.0,196,rlt,0.6,11664,78400,0.14877551020408164,none,,,,,0.05555555555555555,0,16588876288,20342779392
119,1,0.014564277022145689,68.66114936425966,False,llava_ov_7b,15000,2.0,196,rlt,0.6,11664,78400,0.14877551020408164,none,,,,,0.05555555555555555,0,16588876288,20342779392
120,1,0.014455017051659524,69.18013285118843,False,llava_ov_7b,15000,2.0,196,rlt,0.6,11664,78400,0.14877551020408164,none,,,,,0.05555555555555555,0,16588876288,20342779392
121,1,0.014512320049107075,68.90696984466855,False,llava_ov_7b,15000,2.0,196,rlt,0.6,11664,78400,0.14877551020408164,none,,,,,0.05555555555555555,0,16588876288,20342779392
122,1,0.014562860014848411,68.66783028748418,False,llava_ov_7b,15000,2.0,196,rlt,0.6,11664,78400,0.14877551020408164,none,,,,,0.05555555555555555,0,16588876288,20342779392
123,1,0.01446815102826804,69.11733213499006,False,llava_ov_7b,15000,2.0,196,rlt,0.6,11664,78400,0.14877551020408164,none,,,,,0.05555555555555555,0,16588876288,20342779392
124,1,0.07471609301865101,13.383997470938088,False,llava_ov_7b,15000,2.0,196,rlt,0.6,11664,78400,0.14877551020408164,none,,,,,0.05555555555555555,0,16588876288,20342779392
125,1,0.01492233609315008,67.01363605253725,False,llava_ov_7b,15000,2.0,196,rlt,0.6,11664,78400,0.14877551020408164,none,,,,,0.05555555555555555,0,16588876288,20342779392
126,1,0.014864559983834624,67.27410707666498,False,llava_ov_7b,15000,2.0,196,rlt,0.6,11664,78400,0.14877551020408164,none,,,,,0.05555555555555555,0,16588876288,20342779392
127,1,0.014605943928472698,68.46527721160211,False,llava_ov_7b,15000,2.0,196,rlt,0.6,11664,78400,0.14877551020408164,none,,,,,0.05555555555555555,0,16588876288,20342779392
128,1,0.014554102905094624,68.70914727763487,False,llava_ov_7b,15000,2.0,196,rlt,0.6,11664,78400,0.14877551020408164,none,,,,,0.05555555555555555,0,16588876288,20342779392
129,1,0.014493937022052705,68.9943662980243,False,llava_ov_7b,15000,2.0,196,rlt,0.6,11664,78400,0.14877551020408164,none,,,,,0.05555555555555555,0,16588876288,20342779392
130,1,0.01448562100995332,69.03397509246464,False,llava_ov_7b,15000,2.0,196,rlt,0.6,11664,78400,0.14877551020408164,none,,,,,0.05555555555555555,0,16588876288,20342779392
131,1,0.01451042597182095,68.91596442047852,False,llava_ov_7b,15000,2.0,196,rlt,0.6,11664,78400,0.14877551020408164,none,,,,,0.05555555555555555,0,16588876288,20342779392
132,1,0.014449945068918169,69.20441532687899,False,llava_ov_7b,15000,2.0,196,rlt,0.6,11664,78400,0.14877551020408164,none,,,,,0.05555555555555555,0,16588876288,20342779392
133,1,0.014416394056752324,69.36547350629763,False,llava_ov_7b,15000,2.0,196,rlt,0.6,11664,78400,0.14877551020408164,none,,,,,0.05555555555555555,0,16588876288,20342779392
134,1,0.014436803990975022,69.26740853620628,False,llava_ov_7b,15000,2.0,196,rlt,0.6,11664,78400,0.14877551020408164,none,,,,,0.05555555555555555,0,16588876288,20342779392
135,1,0.07536741998046637,13.26833265964496,False,llava_ov_7b,15000,2.0,196,rlt,0.6,11664,78400,0.14877551020408164,none,,,,,0.05555555555555555,0,16588876288,20342779392
136,1,0.014890283928252757,67.15788663388778,False,llava_ov_7b,15000,2.0,196,rlt,0.6,11664,78400,0.14877551020408164,none,,,,,0.05555555555555555,0,16588876288,20342779392
137,1,0.014657250023446977,68.22562202325234,False,llava_ov_7b,15000,2.0,196,rlt,0.6,11664,78400,0.14877551020408164,none,,,,,0.05555555555555555,0,16588876288,20342779392
138,1,0.014568270999006927,68.64232550782222,False,llava_ov_7b,15000,2.0,196,rlt,0.6,11664,78400,0.14877551020408164,none,,,,,0.05555555555555555,0,16588876288,20342779392
139,1,0.014577010064385831,68.60117373748501,False,llava_ov_7b,15000,2.0,196,rlt,0.6,11664,78400,0.14877551020408164,none,,,,,0.05555555555555555,0,16588876288,20342779392
140,1,0.014511864981614053,68.9091306504684,False,llava_ov_7b,15000,2.0,196,rlt,0.6,11664,78400,0.14877551020408164,none,,,,,0.05555555555555555,0,16588876288,20342779392
141,1,0.014506375999189913,68.93520477173924,False,llava_ov_7b,15000,2.0,196,rlt,0.6,11664,78400,0.14877551020408164,none,,,,,0.05555555555555555,0,16588876288,20342779392
142,1,0.014513801084831357,68.89993835213289,False,llava_ov_7b,15000,2.0,196,rlt,0.6,11664,78400,0.14877551020408164,none,,,,,0.05555555555555555,0,16588876288,20342779392
143,1,0.014489642926491797,69.01481320645063,False,llava_ov_7b,15000,2.0,196,rlt,0.6,11664,78400,0.14877551020408164,none,,,,,0.05555555555555555,0,16588876288,20342779392
144,1,0.014482616912573576,69.04829465811638,False,llava_ov_7b,15000,2.0,196,rlt,0.6,11664,78400,0.14877551020408164,none,,,,,0.05555555555555555,0,16588876288,20342779392
145,1,0.014498760108835995,68.9714149688268,False,llava_ov_7b,15000,2.0,196,rlt,0.6,11664,78400,0.14877551020408164,none,,,,,0.05555555555555555,0,16588876288,20342779392
146,1,0.014456303091719747,69.17397855145816,False,llava_ov_7b,15000,2.0,196,rlt,0.6,11664,78400,0.14877551020408164,none,,,,,0.05555555555555555,0,16588876288,20342779392
147,1,0.014472602983005345,69.0960707741561,False,llava_ov_7b,15000,2.0,196,rlt,0.6,11664,78400,0.14877551020408164,none,,,,,0.05555555555555555,0,16588876288,20342779392
148,1,0.07632046996150166,13.10264468371893,False,llava_ov_7b,15000,2.0,196,rlt,0.6,11664,78400,0.14877551020408164,none,,,,,0.05555555555555555,0,16588876288,20342779392
149,1,0.014913288061507046,67.05429385362157,False,llava_ov_7b,15000,2.0,196,rlt,0.6,11664,78400,0.14877551020408164,none,,,,,0.05555555555555555,0,16588876288,20342779392
150,1,0.07796304405201226,12.826589984517023,False,llava_ov_7b,15000,2.0,196,rlt,0.6,11664,78400,0.14877551020408164,none,,,,,0.05555555555555555,0,16588876288,20342779392
151,1,0.01516168296802789,65.95573869396584,False,llava_ov_7b,15000,2.0,196,rlt,0.6,11664,78400,0.14877551020408164,none,,,,,0.05555555555555555,0,16588876288,20342779392
152,1,0.014744476997293532,67.82200549965646,False,llava_ov_7b,15000,2.0,196,rlt,0.6,11664,78400,0.14877551020408164,none,,,,,0.05555555555555555,0,16588876288,20342779392
153,1,0.014685855945572257,68.09272838478965,False,llava_ov_7b,15000,2.0,196,rlt,0.6,11664,78400,0.14877551020408164,none,,,,,0.05555555555555555,0,16588876288,20342779392
154,1,0.014618564979173243,68.4061671870446,False,llava_ov_7b,15000,2.0,196,rlt,0.6,11664,78400,0.14877551020408164,none,,,,,0.05555555555555555,0,16588876288,20342779392
155,1,0.014578341040760279,68.59491057343578,False,llava_ov_7b,15000,2.0,196,rlt,0.6,11664,78400,0.14877551020408164,none,,,,,0.05555555555555555,0,16588876288,20342779392
156,1,0.014557284070178866,68.6941324479981,False,llava_ov_7b,15000,2.0,196,rlt,0.6,11664,78400,0.14877551020408164,none,,,,,0.05555555555555555,0,16588876288,20342779392
157,1,0.07823682203888893,12.78170526281005,False,llava_ov_7b,15000,2.0,196,rlt,0.6,11664,78400,0.14877551020408164,none,,,,,0.05555555555555555,0,16588876288,20342779392
158,1,0.015089591965079308,66.27084432198191,False,llava_ov_7b,15000,2.0,196,rlt,0.6,11664,78400,0.14877551020408164,none,,,,,0.05555555555555555,0,16588876288,20342779392
159,1,0.014770188019610941,67.70394518148733,False,llava_ov_7b,15000,2.0,196,rlt,0.6,11664,78400,0.14877551020408164,none,,,,,0.05555555555555555,0,16588876288,20342779392
160,1,0.014586317003704607,68.55740210129957,False,llava_ov_7b,15000,2.0,196,rlt,0.6,11664,78400,0.14877551020408164,none,,,,,0.05555555555555555,0,16588876288,20342779392
161,1,0.014594336040318012,68.51973239737804,False,llava_ov_7b,15000,2.0,196,rlt,0.6,11664,78400,0.14877551020408164,none,,,,,0.05555555555555555,0,16588876288,20342779392
162,1,0.014611994964070618,68.43692476344924,False,llava_ov_7b,15000,2.0,196,rlt,0.6,11664,78400,0.14877551020408164,none,,,,,0.05555555555555555,0,16588876288,20342779392
163,1,0.07926165498793125,12.616441079261651,False,llava_ov_7b,15000,2.0,196,rlt,0.6,11664,78400,0.14877551020408164,none,,,,,0.05555555555555555,0,16588876288,20342779392
164,1,0.014971924014389515,66.79168282172019,False,llava_ov_7b,15000,2.0,196,rlt,0.6,11664,78400,0.14877551020408164,none,,,,,0.05555555555555555,0,16588876288,20342779392
165,1,0.014808243024162948,67.52995600951964,False,llava_ov_7b,15000,2.0,196,rlt,0.6,11664,78400,0.14877551020408164,none,,,,,0.05555555555555555,0,16588876288,20342779392
166,1,0.014687153976410627,68.08671044139135,False,llava_ov_7b,15000,2.0,196,rlt,0.6,11664,78400,0.14877551020408164,none,,,,,0.05555555555555555,0,16588876288,20342779392
167,1,0.014656124054454267,68.23086351374609,False,llava_ov_7b,15000,2.0,196,rlt,0.6,11664,78400,0.14877551020408164,none,,,,,0.05555555555555555,0,16588876288,20342779392
168,1,0.08002981403842568,12.495343291936901,False,llava_ov_7b,15000,2.0,196,rlt,0.6,11664,78400,0.14877551020408164,none,,,,,0.05555555555555555,0,16588876288,20342779392
169,1,0.014961029984988272,66.84031787940995,False,llava_ov_7b,15000,2.0,196,rlt,0.6,11664,78400,0.14877551020408164,none,,,,,0.05555555555555555,0,16588876288,20342779392
170,1,0.014824170037172735,67.45740216770476,False,llava_ov_7b,15000,2.0,196,rlt,0.6,11664,78400,0.14877551020408164,none,,,,,0.05555555555555555,0,16588876288,20342779392
171,1,0.01464284397661686,68.292744332788,False,llava_ov_7b,15000,2.0,196,rlt,0.6,11664,78400,0.14877551020408164,none,,,,,0.05555555555555555,0,16588876288,20342779392
172,1,0.014584196032956243,68.56737236254072,False,llava_ov_7b,15000,2.0,196,rlt,0.6,11664,78400,0.14877551020408164,none,,,,,0.05555555555555555,0,16588876288,20342779392
173,1,0.014549669926054776,68.73008151265708,False,llava_ov_7b,15000,2.0,196,rlt,0.6,11664,78400,0.14877551020408164,none,,,,,0.05555555555555555,0,16588876288,20342779392
174,1,0.014510101056657732,68.91750761040811,False,llava_ov_7b,15000,2.0,196,rlt,0.6,11664,78400,0.14877551020408164,none,,,,,0.05555555555555555,0,16588876288,20342779392
175,1,0.01448139501735568,69.05412073916351,False,llava_ov_7b,15000,2.0,196,rlt,0.6,11664,78400,0.14877551020408164,none,,,,,0.05555555555555555,0,16588876288,20342779392
176,1,0.014501928933896124,68.95634398418869,False,llava_ov_7b,15000,2.0,196,rlt,0.6,11664,78400,0.14877551020408164,none,,,,,0.05555555555555555,0,16588876288,20342779392
177,1,0.08081496099475771,12.373946453613556,False,llava_ov_7b,15000,2.0,196,rlt,0.6,11664,78400,0.14877551020408164,none,,,,,0.05555555555555555,0,16588876288,20342779392
178,1,0.014980509062297642,66.75340576487889,False,llava_ov_7b,15000,2.0,196,rlt,0.6,11664,78400,0.14877551020408164,none,,,,,0.05555555555555555,0,16588876288,20342779392
179,1,0.014762934995815158,67.73720810146963,False,llava_ov_7b,15000,2.0,196,rlt,0.6,11664,78400,0.14877551020408164,none,,,,,0.05555555555555555,0,16588876288,20342779392
180,1,0.014661577064543962,68.20548673568659,False,llava_ov_7b,15000,2.0,196,rlt,0.6,11664,78400,0.14877551020408164,none,,,,,0.05555555555555555,0,16588876288,20342779392
181,1,0.01455158507451415,68.72103587886203,False,llava_ov_7b,15000,2.0,196,rlt,0.6,11664,78400,0.14877551020408164,none,,,,,0.05555555555555555,0,16588876288,20342779392
182,1,0.014640357927419245,68.3043409838462,False,llava_ov_7b,15000,2.0,196,rlt,0.6,11664,78400,0.14877551020408164,none,,,,,0.05555555555555555,0,16588876288,20342779392
183,1,0.014556132955476642,68.69956485412268,False,llava_ov_7b,15000,2.0,196,rlt,0.6,11664,78400,0.14877551020408164,none,,,,,0.05555555555555555,0,16588876288,20342779392
184,1,0.014564287033863366,68.66110216551651,False,llava_ov_7b,15000,2.0,196,rlt,0.6,11664,78400,0.14877551020408164,none,,,,,0.05555555555555555,0,16588876288,20342779392
185,1,0.014495315961539745,68.98780286357942,False,llava_ov_7b,15000,2.0,196,rlt,0.6,11664,78400,0.14877551020408164,none,,,,,0.05555555555555555,0,16588876288,20342779392
186,1,0.014505308005027473,68.94028032037683,False,llava_ov_7b,15000,2.0,196,rlt,0.6,11664,78400,0.14877551020408164,none,,,,,0.05555555555555555,0,16588876288,20342779392
187,1,0.014758110977709293,67.75934952043684,False,llava_ov_7b,15000,2.0,196,rlt,0.6,11664,78400,0.14877551020408164,none,,,,,0.05555555555555555,0,16588876288,20342779392
188,1,0.01463931892067194,68.30918879620258,False,llava_ov_7b,15000,2.0,196,rlt,0.6,11664,78400,0.14877551020408164,none,,,,,0.05555555555555555,0,16588876288,20342779392
189,1,0.014561068033799529,68.67628100347956,False,llava_ov_7b,15000,2.0,196,rlt,0.6,11664,78400,0.14877551020408164,none,,,,,0.05555555555555555,0,16588876288,20342779392
190,1,0.014491485082544386,69.00604005068762,False,llava_ov_7b,15000,2.0,196,rlt,0.6,11664,78400,0.14877551020408164,none,,,,,0.05555555555555555,0,16588876288,20342779392
191,1,0.08173742797225714,12.234297369124636,False,llava_ov_7b,15000,2.0,196,rlt,0.6,11664,78400,0.14877551020408164,none,,,,,0.05555555555555555,0,16588876288,20342779392
192,1,0.014904921990819275,67.09193114972038,False,llava_ov_7b,15000,2.0,196,rlt,0.6,11664,78400,0.14877551020408164,none,,,,,0.05555555555555555,0,16588876288,20342779392
193,1,0.014720075996592641,67.93443187599554,False,llava_ov_7b,15000,2.0,196,rlt,0.6,11664,78400,0.14877551020408164,none,,,,,0.05555555555555555,0,16588876288,20342779392
194,1,0.014698595041409135,68.03371323468555,False,llava_ov_7b,15000,2.0,196,rlt,0.6,11664,78400,0.14877551020408164,none,,,,,0.05555555555555555,0,16588876288,20342779392
195,1,0.01457323704380542,68.61893462613136,False,llava_ov_7b,15000,2.0,196,rlt,0.6,11664,78400,0.14877551020408164,none,,,,,0.05555555555555555,0,16588876288,20342779392
196,1,0.014550291001796722,68.7271477853272,False,llava_ov_7b,15000,2.0,196,rlt,0.6,11664,78400,0.14877551020408164,none,,,,,0.05555555555555555,0,16588876288,20342779392
197,1,0.014629192999564111,68.3564705195834,False,llava_ov_7b,15000,2.0,196,rlt,0.6,11664,78400,0.14877551020408164,none,,,,,0.05555555555555555,0,16588876288,20342779392
198,1,0.014608399011194706,68.45377095968423,False,llava_ov_7b,15000,2.0,196,rlt,0.6,11664,78400,0.14877551020408164,none,,,,,0.05555555555555555,0,16588876288,20342779392
199,1,0.01465909497346729,68.21703534972539,False,llava_ov_7b,15000,2.0,196,rlt,0.6,11664,78400,0.14877551020408164,none,,,,,0.05555555555555555,0,16588876288,20342779392
200,1,0.014485131949186325,69.03630588302464,False,llava_ov_7b,15000,2.0,196,rlt,0.6,11664,78400,0.14877551020408164,none,,,,,0.05555555555555555,0,16588876288,20342779392
201,1,0.014493711991235614,68.99543751143273,False,llava_ov_7b,15000,2.0,196,rlt,0.6,11664,78400,0.14877551020408164,none,,,,,0.05555555555555555,0,16588876288,20342779392
202,1,0.08245721796993166,12.127501080192323,False,llava_ov_7b,15000,2.0,196,rlt,0.6,11664,78400,0.14877551020408164,none,,,,,0.05555555555555555,0,16588876288,20342779392
203,1,0.014987968956120312,66.72018089493385,False,llava_ov_7b,15000,2.0,196,rlt,0.6,11664,78400,0.14877551020408164,none,,,,,0.05555555555555555,0,16588876288,20342779392
204,1,0.014837088994681835,67.39866562493742,False,llava_ov_7b,15000,2.0,196,rlt,0.6,11664,78400,0.14877551020408164,none,,,,,0.05555555555555555,0,16588876288,20342779392
205,1,0.014716782025061548,67.94963724386737,False,llava_ov_7b,15000,2.0,196,rlt,0.6,11664,78400,0.14877551020408164,none,,,,,0.05555555555555555,0,16588876288,20342779392
206,1,0.014600011985749006,68.49309445609323,False,llava_ov_7b,15000,2.0,196,rlt,0.6,11664,78400,0.14877551020408164,none,,,,,0.05555555555555555,0,16588876288,20342779392
207,1,0.01464898802805692,68.26410111638562,False,llava_ov_7b,15000,2.0,196,rlt,0.6,11664,78400,0.14877551020408164,none,,,,,0.05555555555555555,0,16588876288,20342779392
208,1,0.08341301803011447,11.988536365378502,False,llava_ov_7b,15000,2.0,196,rlt,0.6,11664,78400,0.14877551020408164,none,,,,,0.05555555555555555,0,16588876288,20342779392
209,1,0.015021094004623592,66.57304718898592,False,llava_ov_7b,15000,2.0,196,rlt,0.6,11664,78400,0.14877551020408164,none,,,,,0.05555555555555555,0,16588876288,20342779392
210,1,0.014707508031278849,67.99248369426509,False,llava_ov_7b,15000,2.0,196,rlt,0.6,11664,78400,0.14877551020408164,none,,,,,0.05555555555555555,0,16588876288,20342779392
211,1,0.014574187924154103,68.61445764279458,False,llava_ov_7b,15000,2.0,196,rlt,0.6,11664,78400,0.14877551020408164,none,,,,,0.05555555555555555,0,16588876288,20342779392
212,1,0.014574114000424743,68.61480567332302,False,llava_ov_7b,15000,2.0,196,rlt,0.6,11664,78400,0.14877551020408164,none,,,,,0.05555555555555555,0,16588876288,20342779392
213,1,0.08413446694612503,11.88573525568711,False,llava_ov_7b,15000,2.0,196,rlt,0.6,11664,78400,0.14877551020408164,none,,,,,0.05555555555555555,0,16588876288,20342779392
214,1,0.01486079697497189,67.2911420352603,False,llava_ov_7b,15000,2.0,196,rlt,0.6,11664,78400,0.14877551020408164,none,,,,,0.05555555555555555,0,16588876288,20342779392
215,1,0.014788668020628393,67.61934195866198,False,llava_ov_7b,15000,2.0,196,rlt,0.6,11664,78400,0.14877551020408164,none,,,,,0.05555555555555555,0,16588876288,20342779392
216,1,0.01462490507401526,68.37651218514546,False,llava_ov_7b,15000,2.0,196,rlt,0.6,11664,78400,0.14877551020408164,none,,,,,0.05555555555555555,0,16588876288,20342779392
217,1,0.01451773103326559,68.88128714525867,False,llava_ov_7b,15000,2.0,196,rlt,0.6,11664,78400,0.14877551020408164,none,,,,,0.05555555555555555,0,16588876288,20342779392
218,1,0.014487960026599467,69.02282986452403,False,llava_ov_7b,15000,2.0,196,rlt,0.6,11664,78400,0.14877551020408164,none,,,,,0.05555555555555555,0,16588876288,20342779392
219,1,0.08502272795885801,11.761560985009726,False,llava_ov_7b,15000,2.0,196,rlt,0.6,11664,78400,0.14877551020408164,none,,,,,0.05555555555555555,0,16588876288,20342779392
220,1,0.014937919098883867,66.94372846581544,False,llava_ov_7b,15000,2.0,196,rlt,0.6,11664,78400,0.14877551020408164,none,,,,,0.05555555555555555,0,16588876288,20342779392
221,1,0.014737362042069435,67.85474884483322,False,llava_ov_7b,15000,2.0,196,rlt,0.6,11664,78400,0.14877551020408164,none,,,,,0.05555555555555555,0,16588876288,20342779392
222,1,0.014640897046774626,68.30182582427891,False,llava_ov_7b,15000,2.0,196,rlt,0.6,11664,78400,0.14877551020408164,none,,,,,0.05555555555555555,0,16588876288,20342779392
223,1,0.014555997913703322,68.70020220726873,False,llava_ov_7b,15000,2.0,196,rlt,0.6,11664,78400,0.14877551020408164,none,,,,,0.05555555555555555,0,16588876288,20342779392
224,1,0.014581421972252429,68.58041704731816,False,llava_ov_7b,15000,2.0,196,rlt,0.6,11664,78400,0.14877551020408164,none,,,,,0.05555555555555555,0,16588876288,20342779392
225,1,0.01456015300936997,68.68059692480325,False,llava_ov_7b,15000,2.0,196,rlt,0.6,11664,78400,0.14877551020408164,none,,,,,0.05555555555555555,0,16588876288,20342779392
226,1,0.01454471203032881,68.75350972331304,False,llava_ov_7b,15000,2.0,196,rlt,0.6,11664,78400,0.14877551020408164,none,,,,,0.05555555555555555,0,16588876288,20342779392
227,1,0.014564697979949415,68.65916487775142,False,llava_ov_7b,15000,2.0,196,rlt,0.6,11664,78400,0.14877551020408164,none,,,,,0.05555555555555555,0,16588876288,20342779392
228,1,0.014484449988231063,69.03955626982884,False,llava_ov_7b,15000,2.0,196,rlt,0.6,11664,78400,0.14877551020408164,none,,,,,0.05555555555555555,0,16588876288,20342779392
229,1,0.014524821075610816,68.8476639260733,False,llava_ov_7b,15000,2.0,196,rlt,0.6,11664,78400,0.14877551020408164,none,,,,,0.05555555555555555,0,16588876288,20342779392
230,1,0.014606832060962915,68.46111434884791,False,llava_ov_7b,15000,2.0,196,rlt,0.6,11664,78400,0.14877551020408164,none,,,,,0.05555555555555555,0,16588876288,20342779392
231,1,0.08607543399557471,11.61771661879058,False,llava_ov_7b,15000,2.0,196,rlt,0.6,11664,78400,0.14877551020408164,none,,,,,0.05555555555555555,0,16588876288,20342779392
232,1,0.015388882020488381,64.9819784613739,False,llava_ov_7b,15000,2.0,196,rlt,0.6,11664,78400,0.14877551020408164,none,,,,,0.05555555555555555,0,16588876288,20342779392
233,1,0.015099555952474475,66.22711311163576,False,llava_ov_7b,15000,2.0,196,rlt,0.6,11664,78400,0.14877551020408164,none,,,,,0.05555555555555555,0,16588876288,20342779392
234,1,0.014994755969382823,66.68998162036507,False,llava_ov_7b,15000,2.0,196,rlt,0.6,11664,78400,0.14877551020408164,none,,,,,0.05555555555555555,0,16588876288,20342779392
235,1,0.014947390998713672,66.90130739779651,False,llava_ov_7b,15000,2.0,196,rlt,0.6,11664,78400,0.14877551020408164,none,,,,,0.05555555555555555,0,16588876288,20342779392
236,1,0.014906627009622753,67.08425718000892,False,llava_ov_7b,15000,2.0,196,rlt,0.6,11664,78400,0.14877551020408164,none,,,,,0.05555555555555555,0,16588876288,20342779392
237,1,0.08693921996746212,11.502288614669652,False,llava_ov_7b,15000,2.0,196,rlt,0.6,11664,78400,0.14877551020408164,none,,,,,0.05555555555555555,0,16588876288,20342779392
238,1,0.014901022077538073,67.10949053000924,False,llava_ov_7b,15000,2.0,196,rlt,0.6,11664,78400,0.14877551020408164,none,,,,,0.05555555555555555,0,16588876288,20342779392
239,1,0.014697515987791121,68.03870809398516,False,llava_ov_7b,15000,2.0,196,rlt,0.6,11664,78400,0.14877551020408164,none,,,,,0.05555555555555555,0,16588876288,20342779392
240,1,0.01459664897993207,68.50887497362109,False,llava_ov_7b,15000,2.0,196,rlt,0.6,11664,78400,0.14877551020408164,none,,,,,0.05555555555555555,0,16588876288,20342779392
241,1,0.08796235301997513,11.368499882818195,False,llava_ov_7b,15000,2.0,196,rlt,0.6,11664,78400,0.14877551020408164,none,,,,,0.05555555555555555,0,16588876288,20342779392
242,1,0.01485809194855392,67.30339288937608,False,llava_ov_7b,15000,2.0,196,rlt,0.6,11664,78400,0.14877551020408164,none,,,,,0.05555555555555555,0,16588876288,20342779392
243,1,0.014660232001915574,68.21174452555289,False,llava_ov_7b,15000,2.0,196,rlt,0.6,11664,78400,0.14877551020408164,none,,,,,0.05555555555555555,0,16588876288,20342779392
244,1,0.014673772966489196,68.14879869572202,False,llava_ov_7b,15000,2.0,196,rlt,0.6,11664,78400,0.14877551020408164,none,,,,,0.05555555555555555,0,16588876288,20342779392
245,1,0.019123070989735425,52.29285612843063,False,llava_ov_7b,15000,2.0,196,rlt,0.6,11664,78400,0.14877551020408164,none,,,,,0.05555555555555555,0,16588876288,20342779392
246,1,0.09112568001728505,10.973855007834414,False,llava_ov_7b,15000,2.0,196,rlt,0.6,11664,78400,0.14877551020408164,none,,,,,0.05555555555555555,0,16588876288,20342779392
247,1,0.017336584045551717,57.6814900428198,False,llava_ov_7b,15000,2.0,196,rlt,0.6,11664,78400,0.14877551020408164,none,,,,,0.05555555555555555,0,16588876288,20342779392
248,1,0.017206031014211476,58.11915596188575,False,llava_ov_7b,15000,2.0,196,rlt,0.6,11664,78400,0.14877551020408164,none,,,,,0.05555555555555555,0,16588876288,20342779392
249,1,0.01695157797075808,58.99155829180189,False,llava_ov_7b,15000,2.0,196,rlt,0.6,11664,78400,0.14877551020408164,none,,,,,0.05555555555555555,0,16588876288,20342779392
250,1,0.016895200009457767,59.18840850893803,False,llava_ov_7b,15000,2.0,196,rlt,0.6,11664,78400,0.14877551020408164,none,,,,,0.05555555555555555,0,16588876288,20342779392
251,1,0.016892089042812586,59.199309065061435,False,llava_ov_7b,15000,2.0,196,rlt,0.6,11664,78400,0.14877551020408164,none,,,,,0.05555555555555555,0,16588876288,20342779392
252,1,0.01686942798551172,59.27883274162279,False,llava_ov_7b,15000,2.0,196,rlt,0.6,11664,78400,0.14877551020408164,none,,,,,0.05555555555555555,0,16588876288,20342779392
253,1,0.01694036298431456,59.03061232666154,False,llava_ov_7b,15000,2.0,196,rlt,0.6,11664,78400,0.14877551020408164,none,,,,,0.05555555555555555,0,16588876288,20342779392
254,1,0.09212220599874854,10.855146043871168,False,llava_ov_7b,15000,2.0,196,rlt,0.6,11664,78400,0.14877551020408164,none,,,,,0.05555555555555555,0,16588876288,20342779392
255,1,0.018940374022349715,52.7972678269181,False,llava_ov_7b,15000,2.0,196,rlt,0.6,11664,78400,0.14877551020408164,none,,,,,0.05555555555555555,0,16588876288,20342779392
256,1,0.01766429701820016,56.611366926725935,False,llava_ov_7b,15000,2.0,196,rlt,0.6,11664,78400,0.14877551020408164,none,,,,,0.05555555555555555,0,16588876288,20342779392
257,1,0.017160202958621085,58.27436903930158,False,llava_ov_7b,15000,2.0,196,rlt,0.6,11664,78400,0.14877551020408164,none,,,,,0.05555555555555555,0,16588876288,20342779392
258,1,0.016984577989205718,58.876941224888505,False,llava_ov_7b,15000,2.0,196,rlt,0.6,11664,78400,0.14877551020408164,none,,,,,0.05555555555555555,0,16588876288,20342779392
259,1,0.01686078100465238,59.30923364250273,False,llava_ov_7b,15000,2.0,196,rlt,0.6,11664,78400,0.14877551020408164,none,,,,,0.05555555555555555,0,16588876288,20342779392
260,1,0.016931097954511642,59.062915038745565,False,llava_ov_7b,15000,2.0,196,rlt,0.6,11664,78400,0.14877551020408164,none,,,,,0.05555555555555555,0,16588876288,20342779392
261,1,0.016851911903358996,59.340447881208995,False,llava_ov_7b,15000,2.0,196,rlt,0.6,11664,78400,0.14877551020408164,none,,,,,0.05555555555555555,0,16588876288,20342779392
262,1,0.016871862928383052,59.27027763589334,False,llava_ov_7b,15000,2.0,196,rlt,0.6,11664,78400,0.14877551020408164,none,,,,,0.05555555555555555,0,16588876288,20342779392
263,1,0.016882717958651483,59.232168804167806,False,llava_ov_7b,15000,2.0,196,rlt,0.6,11664,78400,0.14877551020408164,none,,,,,0.05555555555555555,0,16588876288,20342779392
264,1,0.09275387797970325,10.78122038432532,False,llava_ov_7b,15000,2.0,196,rlt,0.6,11664,78400,0.14877551020408164,none,,,,,0.05555555555555555,0,16588876288,20342779392
265,1,0.01732357800938189,57.72479562007527,False,llava_ov_7b,15000,2.0,196,rlt,0.6,11664,78400,0.14877551020408164,none,,,,,0.05555555555555555,0,16588876288,20342779392
266,1,0.01716785808093846,58.2483845850464,False,llava_ov_7b,15000,2.0,196,rlt,0.6,11664,78400,0.14877551020408164,none,,,,,0.05555555555555555,0,16588876288,20342779392
267,1,0.01700525707565248,58.80534446208192,False,llava_ov_7b,15000,2.0,196,rlt,0.6,11664,78400,0.14877551020408164,none,,,,,0.05555555555555555,0,16588876288,20342779392
268,1,0.016957442043349147,58.97115835299042,False,llava_ov_7b,15000,2.0,196,rlt,0.6,11664,78400,0.14877551020408164,none,,,,,0.05555555555555555,0,16588876288,20342779392
269,1,0.016935140010900795,59.04881798180121,False,llava_ov_7b,15000,2.0,196,rlt,0.6,11664,78400,0.14877551020408164,none,,,,,0.05555555555555555,0,16588876288,20342779392
270,1,0.016899387002922595,59.1737439841492,False,llava_ov_7b,15000,2.0,196,rlt,0.6,11664,78400,0.14877551020408164,none,,,,,0.05555555555555555,0,16588876288,20342779392
271,1,0.01735104399267584,57.633419661786135,False,llava_ov_7b,15000,2.0,196,rlt,0.6,11664,78400,0.14877551020408164,none,,,,,0.05555555555555555,0,16588876288,20342779392
272,1,0.09415842802263796,10.620398205454066,False,llava_ov_7b,15000,2.0,196,rlt,0.6,11664,78400,0.14877551020408164,none,,,,,0.05555555555555555,0,16588876288,20342779392
273,1,0.017409664927981794,57.43935935221497,False,llava_ov_7b,15000,2.0,196,rlt,0.6,11664,78400,0.14877551020408164,none,,,,,0.05555555555555555,0,16588876288,20342779392
274,1,0.01731973804999143,57.737593785403405,False,llava_ov_7b,15000,2.0,196,rlt,0.6,11664,78400,0.14877551020408164,none,,,,,0.05555555555555555,0,16588876288,20342779392
275,1,0.0949323660461232,10.533815195485033,False,llava_ov_7b,15000,2.0,196,rlt,0.6,11664,78400,0.14877551020408164,none,,,,,0.05555555555555555,0,16588876288,20342779392
276,1,0.015908782021142542,62.85836330342665,False,llava_ov_7b,15000,2.0,196,rlt,0.6,11664,78400,0.14877551020408164,none,,,,,0.05555555555555555,0,16588876288,20342779392
277,1,0.014370737946592271,69.58584894640916,False,llava_ov_7b,15000,2.0,196,rlt,0.6,11664,78400,0.14877551020408164,none,,,,,0.05555555555555555,0,16588876288,20342779392
278,1,0.014391954988241196,69.48326344940907,False,llava_ov_7b,15000,2.0,196,rlt,0.6,11664,78400,0.14877551020408164,none,,,,,0.05555555555555555,0,16588876288,20342779392
279,1,0.09342001704499125,10.70434401139531,False,llava_ov_7b,15000,2.0,196,rlt,0.6,11664,78400,0.14877551020408164,none,,,,,0.05555555555555555,0,16588876288,20342779392
280,1,0.014625790063291788,68.37237480317918,False,llava_ov_7b,15000,2.0,196,rlt,0.6,11664,78400,0.14877551020408164,none,,,,,0.05555555555555555,0,16588876288,20342779392
281,1,0.015115523943677545,66.1571510009268,False,llava_ov_7b,15000,2.0,196,rlt,0.6,11664,78400,0.14877551020408164,none,,,,,0.05555555555555555,0,16588876288,20342779392
282,1,0.014581002993509173,68.58238767560478,False,llava_ov_7b,15000,2.0,196,rlt,0.6,11664,78400,0.14877551020408164,none,,,,,0.05555555555555555,0,16588876288,20342779392
283,1,0.014362110989168286,69.62764740880966,False,llava_ov_7b,15000,2.0,196,rlt,0.6,11664,78400,0.14877551020408164,none,,,,,0.05555555555555555,0,16588876288,20342779392
284,1,0.014342003036290407,69.72526762612179,False,llava_ov_7b,15000,2.0,196,rlt,0.6,11664,78400,0.14877551020408164,none,,,,,0.05555555555555555,0,16588876288,20342779392
285,1,0.09393054095562547,10.646164600206216,False,llava_ov_7b,15000,2.0,196,rlt,0.6,11664,78400,0.14877551020408164,none,,,,,0.05555555555555555,0,16588876288,20342779392
286,1,0.014498441945761442,68.97292852162958,False,llava_ov_7b,15000,2.0,196,rlt,0.6,11664,78400,0.14877551020408164,none,,,,,0.05555555555555555,0,16588876288,20342779392
287,1,0.01438145397696644,69.53399855130193,False,llava_ov_7b,15000,2.0,196,rlt,0.6,11664,78400,0.14877551020408164,none,,,,,0.05555555555555555,0,16588876288,20342779392
288,1,0.018534930073656142,53.952186278884795,False,llava_ov_7b,15000,2.0,196,rlt,0.6,11664,78400,0.14877551020408164,none,,,,,0.05555555555555555,0,16588876288,20342779392
289,1,0.0164387320401147,60.831942363908894,False,llava_ov_7b,15000,2.0,196,rlt,0.6,11664,78400,0.14877551020408164,none,,,,,0.05555555555555555,0,16588876288,20342779392
290,1,0.014508554944768548,68.92485184133221,False,llava_ov_7b,15000,2.0,196,rlt,0.6,11664,78400,0.14877551020408164,none,,,,,0.05555555555555555,0,16588876288,20342779392
291,1,0.014674913953058422,68.14350007085312,False,llava_ov_7b,15000,2.0,196,rlt,0.6,11664,78400,0.14877551020408164,none,,,,,0.05555555555555555,0,16588876288,20342779392
292,1,0.014603065908886492,68.47877057046384,False,llava_ov_7b,15000,2.0,196,rlt,0.6,11664,78400,0.14877551020408164,none,,,,,0.05555555555555555,0,16588876288,20342779392
293,1,0.0961900579277426,10.396084809005876,False,llava_ov_7b,15000,2.0,196,rlt,0.6,11664,78400,0.14877551020408164,none,,,,,0.05555555555555555,0,16588876288,20342779392
294,1,0.015589403104968369,64.14613781340341,False,llava_ov_7b,15000,2.0,196,rlt,0.6,11664,78400,0.14877551020408164,none,,,,,0.05555555555555555,0,16588876288,20342779392
295,1,0.014416169025935233,69.36655627448334,False,llava_ov_7b,15000,2.0,196,rlt,0.6,11664,78400,0.14877551020408164,none,,,,,0.05555555555555555,0,16588876288,20342779392
296,1,0.014277464943006635,70.04044513447175,False,llava_ov_7b,15000,2.0,196,rlt,0.6,11664,78400,0.14877551020408164,none,,,,,0.05555555555555555,0,16588876288,20342779392
297,1,0.014291305094957352,69.97261575171656,False,llava_ov_7b,15000,2.0,196,rlt,0.6,11664,78400,0.14877551020408164,none,,,,,0.05555555555555555,0,16588876288,20342779392
298,1,0.01657405693549663,60.33525792096815,False,llava_ov_7b,15000,2.0,196,rlt,0.6,11664,78400,0.14877551020408164,none,,,,,0.05555555555555555,0,16588876288,20342779392
299,1,0.016022432944737375,62.412493998201036,False,llava_ov_7b,15000,2.0,196,rlt,0.6,11664,78400,0.14877551020408164,none,,,,,0.05555555555555555,0,16588876288,20342779392
300,1,0.01444274908863008,69.23889585447695,False,llava_ov_7b,15000,2.0,196,rlt,0.6,11664,78400,0.14877551020408164,none,,,,,0.05555555555555555,0,16588876288,20342779392
301,1,0.014364518923684955,69.61597567678712,False,llava_ov_7b,15000,2.0,196,rlt,0.6,11664,78400,0.14877551020408164,none,,,,,0.05555555555555555,0,16588876288,20342779392
302,1,0.014299525995738804,69.93238798950368,False,llava_ov_7b,15000,2.0,196,rlt,0.6,11664,78400,0.14877551020408164,none,,,,,0.05555555555555555,0,16588876288,20342779392
303,1,0.09593010297976434,10.424256504873572,False,llava_ov_7b,15000,2.0,196,rlt,0.6,11664,78400,0.14877551020408164,none,,,,,0.05555555555555555,0,16588876288,20342779392
304,1,0.014836303074844182,67.4022359178924,False,llava_ov_7b,15000,2.0,196,rlt,0.6,11664,78400,0.14877551020408164,none,,,,,0.05555555555555555,0,16588876288,20342779392
305,1,0.014727259986102581,67.90129331210645,False,llava_ov_7b,15000,2.0,196,rlt,0.6,11664,78400,0.14877551020408164,none,,,,,0.05555555555555555,0,16588876288,20342779392
306,1,0.0164917369838804,60.63642665277981,False,llava_ov_7b,15000,2.0,196,rlt,0.6,11664,78400,0.14877551020408164,none,,,,,0.05555555555555555,0,16588876288,20342779392
307,1,0.015062157064676285,66.39155306282102,False,llava_ov_7b,15000,2.0,196,rlt,0.6,11664,78400,0.14877551020408164,none,,,,,0.05555555555555555,0,16588876288,20342779392
308,1,0.014526913058944046,68.83774935131947,False,llava_ov_7b,15000,2.0,196,rlt,0.6,11664,78400,0.14877551020408164,none,,,,,0.05555555555555555,0,16588876288,20342779392
309,1,0.09672429505735636,10.338664131974411,False,llava_ov_7b,15000,2.0,196,rlt,0.6,11664,78400,0.14877551020408164,none,,,,,0.05555555555555555,0,16588876288,20342779392
310,1,0.015164271113462746,65.94448177019245,False,llava_ov_7b,15000,2.0,196,rlt,0.6,11664,78400,0.14877551020408164,none,,,,,0.05555555555555555,0,16588876288,20342779392
311,1,0.01444143895059824,69.2451772583628,False,llava_ov_7b,15000,2.0,196,rlt,0.6,11664,78400,0.14877551020408164,none,,,,,0.05555555555555555,0,16588876288,20342779392
312,1,0.014390052994713187,69.49244734313304,False,llava_ov_7b,15000,2.0,196,rlt,0.6,11664,78400,0.14877551020408164,none,,,,,0.05555555555555555,0,16588876288,20342779392
313,1,0.014332209946587682,69.77291036949171,False,llava_ov_7b,15000,2.0,196,rlt,0.6,11664,78400,0.14877551020408164,none,,,,,0.05555555555555555,0,16588876288,20342779392
314,1,0.014692810946144164,68.06049595720349,False,llava_ov_7b,15000,2.0,196,rlt,0.6,11664,78400,0.14877551020408164,none,,,,,0.05555555555555555,0,16588876288,20342779392
315,1,0.09766874299384654,10.238690182211144,False,llava_ov_7b,15000,2.0,196,rlt,0.6,11664,78400,0.14877551020408164,none,,,,,0.05555555555555555,0,16588876288,20342779392
316,1,0.015029847039841115,66.53427658639507,False,llava_ov_7b,15000,2.0,196,rlt,0.6,11664,78400,0.14877551020408164,none,,,,,0.05555555555555555,0,16588876288,20342779392
317,1,0.014617606066167355,68.41065462247703,False,llava_ov_7b,15000,2.0,196,rlt,0.6,11664,78400,0.14877551020408164,none,,,,,0.05555555555555555,0,16588876288,20342779392
318,1,0.014480581972748041,69.05799793695901,False,llava_ov_7b,15000,2.0,196,rlt,0.6,11664,78400,0.14877551020408164,none,,,,,0.05555555555555555,0,16588876288,20342779392
319,1,0.014356011990457773,69.65722797283013,False,llava_ov_7b,15000,2.0,196,rlt,0.6,11664,78400,0.14877551020408164,none,,,,,0.05555555555555555,0,16588876288,20342779392
320,1,0.09831647900864482,10.171234874186977,False,llava_ov_7b,15000,2.0,196,rlt,0.6,11664,78400,0.14877551020408164,none,,,,,0.05555555555555555,0,16588876288,20342779392
321,1,0.014444865984842181,69.22874888900712,False,llava_ov_7b,15000,2.0,196,rlt,0.6,11664,78400,0.14877551020408164,none,,,,,0.05555555555555555,0,16588876288,20342779392
322,1,0.0144190420396626,69.35273489385011,False,llava_ov_7b,15000,2.0,196,rlt,0.6,11664,78400,0.14877551020408164,none,,,,,0.05555555555555555,0,16588876288,20342779392
323,1,0.01449294900521636,68.99906979870529,False,llava_ov_7b,15000,2.0,196,rlt,0.6,11664,78400,0.14877551020408164,none,,,,,0.05555555555555555,0,16588876288,20342779392
324,1,0.09953353798482567,10.046864808045449,False,llava_ov_7b,15000,2.0,196,rlt,0.6,11664,78400,0.14877551020408164,none,,,,,0.05555555555555555,0,16588876288,20342779392
325,1,0.015078157070092857,66.32110246307718,False,llava_ov_7b,15000,2.0,196,rlt,0.6,11664,78400,0.14877551020408164,none,,,,,0.05555555555555555,0,16588876288,20342779392
326,1,0.014635621104389429,68.32644770368412,False,llava_ov_7b,15000,2.0,196,rlt,0.6,11664,78400,0.14877551020408164,none,,,,,0.05555555555555555,0,16588876288,20342779392
327,1,0.014387580915354192,69.50438756058124,False,llava_ov_7b,15000,2.0,196,rlt,0.6,11664,78400,0.14877551020408164,none,,,,,0.05555555555555555,0,16588876288,20342779392
328,1,0.014362971996888518,69.62347348561511,False,llava_ov_7b,15000,2.0,196,rlt,0.6,11664,78400,0.14877551020408164,none,,,,,0.05555555555555555,0,16588876288,20342779392
329,1,0.014274762943387032,70.05370274560411,False,llava_ov_7b,15000,2.0,196,rlt,0.6,11664,78400,0.14877551020408164,none,,,,,0.05555555555555555,0,16588876288,20342779392
330,1,0.10022692300844938,9.977359076619537,False,llava_ov_7b,15000,2.0,196,rlt,0.6,11664,78400,0.14877551020408164,none,,,,,0.05555555555555555,0,16588876288,20342779392
331,1,0.014521523960866034,68.86329580110834,False,llava_ov_7b,15000,2.0,196,rlt,0.6,11664,78400,0.14877551020408164,none,,,,,0.05555555555555555,0,16588876288,20342779392
332,1,0.014454651973210275,69.18188012090249,False,llava_ov_7b,15000,2.0,196,rlt,0.6,11664,78400,0.14877551020408164,none,,,,,0.05555555555555555,0,16588876288,20342779392
333,1,0.014433530974201858,69.28311594629032,False,llava_ov_7b,15000,2.0,196,rlt,0.6,11664,78400,0.14877551020408164,none,,,,,0.05555555555555555,0,16588876288,20342779392
334,1,0.014468809007667005,69.11418897506361,False,llava_ov_7b,15000,2.0,196,rlt,0.6,11664,78400,0.14877551020408164,none,,,,,0.05555555555555555,0,16588876288,20342779392
335,1,0.014806429971940815,67.5382250748538,False,llava_ov_7b,15000,2.0,196,rlt,0.6,11664,78400,0.14877551020408164,none,,,,,0.05555555555555555,0,16588876288,20342779392
336,1,0.014592529041692615,68.52821722285968,False,llava_ov_7b,15000,2.0,196,rlt,0.6,11664,78400,0.14877551020408164,none,,,,,0.05555555555555555,0,16588876288,20342779392
337,1,0.10126930999103934,9.874659954614913,False,llava_ov_7b,15000,2.0,196,rlt,0.6,11664,78400,0.14877551020408164,none,,,,,0.05555555555555555,0,16588876288,20342779392
338,1,0.014497908996418118,68.97546399601914,False,llava_ov_7b,15000,2.0,196,rlt,0.6,11664,78400,0.14877551020408164,none,,,,,0.05555555555555555,0,16588876288,20342779392
339,1,0.014351916033774614,69.67710775667044,False,llava_ov_7b,15000,2.0,196,rlt,0.6,11664,78400,0.14877551020408164,none,,,,,0.05555555555555555,0,16588876288,20342779392
340,1,0.10211458592675626,9.79292028581764,False,llava_ov_7b,15000,2.0,196,rlt,0.6,11664,78400,0.14877551020408164,none,,,,,0.05555555555555555,0,16588876288,20342779392
341,1,0.014705239911563694,68.00297077871096,False,llava_ov_7b,15000,2.0,196,rlt,0.6,11664,78400,0.14877551020408164,none,,,,,0.05555555555555555,0,16588876288,20342779392
342,1,0.014647268922999501,68.27211306469395,False,llava_ov_7b,15000,2.0,196,rlt,0.6,11664,78400,0.14877551020408164,none,,,,,0.05555555555555555,0,16588876288,20342779392
343,1,0.014437170000746846,69.2656524753999,False,llava_ov_7b,15000,2.0,196,rlt,0.6,11664,78400,0.14877551020408164,none,,,,,0.05555555555555555,0,16588876288,20342779392
344,1,0.10287620092276484,9.720421156986136,False,llava_ov_7b,15000,2.0,196,rlt,0.6,11664,78400,0.14877551020408164,none,,,,,0.05555555555555555,0,16588876288,20342779392
345,1,0.015025248983874917,66.55463753533796,False,llava_ov_7b,15000,2.0,196,rlt,0.6,11664,78400,0.14877551020408164,none,,,,,0.05555555555555555,0,16588876288,20342779392
346,1,0.014663964975625277,68.19438000992359,False,llava_ov_7b,15000,2.0,196,rlt,0.6,11664,78400,0.14877551020408164,none,,,,,0.05555555555555555,0,16588876288,20342779392
347,1,0.014429504983127117,69.30244669996178,False,llava_ov_7b,15000,2.0,196,rlt,0.6,11664,78400,0.14877551020408164,none,,,,,0.05555555555555555,0,16588876288,20342779392
348,1,0.014944224036298692,66.91548504432585,False,llava_ov_7b,15000,2.0,196,rlt,0.6,11664,78400,0.14877551020408164,none,,,,,0.05555555555555555,0,16588876288,20342779392
349,1,0.014499198994599283,68.96932722783403,False,llava_ov_7b,15000,2.0,196,rlt,0.6,11664,78400,0.14877551020408164,none,,,,,0.05555555555555555,0,16588876288,20342779392
350,1,0.014433228992857039,69.28456553241807,False,llava_ov_7b,15000,2.0,196,rlt,0.6,11664,78400,0.14877551020408164,none,,,,,0.05555555555555555,0,16588876288,20342779392
351,1,0.014347944059409201,69.69639663072233,False,llava_ov_7b,15000,2.0,196,rlt,0.6,11664,78400,0.14877551020408164,none,,,,,0.05555555555555555,0,16588876288,20342779392
352,1,0.014323838986456394,69.813686187448,False,llava_ov_7b,15000,2.0,196,rlt,0.6,11664,78400,0.14877551020408164,none,,,,,0.05555555555555555,0,16588876288,20342779392
353,1,0.10370655101723969,9.642592393548645,False,llava_ov_7b,15000,2.0,196,rlt,0.6,11664,78400,0.14877551020408164,none,,,,,0.05555555555555555,0,16588876288,20342779392
354,1,0.015416329028084874,64.86628549366316,False,llava_ov_7b,15000,2.0,196,rlt,0.6,11664,78400,0.14877551020408164,none,,,,,0.05555555555555555,0,16588876288,20342779392
355,1,0.01515409501735121,65.98876401758172,False,llava_ov_7b,15000,2.0,196,rlt,0.6,11664,78400,0.14877551020408164,none,,,,,0.05555555555555555,0,16588876288,20342779392
356,1,0.01515757804736495,65.97360058943214,False,llava_ov_7b,15000,2.0,196,rlt,0.6,11664,78400,0.14877551020408164,none,,,,,0.05555555555555555,0,16588876288,20342779392
357,1,0.015442881966009736,64.75475252618205,False,llava_ov_7b,15000,2.0,196,rlt,0.6,11664,78400,0.14877551020408164,none,,,,,0.05555555555555555,0,16588876288,20342779392
358,1,0.015314418007619679,65.29794338266402,False,llava_ov_7b,15000,2.0,196,rlt,0.6,11664,78400,0.14877551020408164,none,,,,,0.05555555555555555,0,16588876288,20342779392
359,1,0.014528078958392143,68.83222502190148,False,llava_ov_7b,15000,2.0,196,rlt,0.6,11664,78400,0.14877551020408164,none,,,,,0.05555555555555555,0,16588876288,20342779392
360,1,0.014379018102772534,69.54577794204056,False,llava_ov_7b,15000,2.0,196,rlt,0.6,11664,78400,0.14877551020408164,none,,,,,0.05555555555555555,0,16588876288,20342779392
361,1,0.01450775598641485,68.92864761003742,False,llava_ov_7b,15000,2.0,196,rlt,0.6,11664,78400,0.14877551020408164,none,,,,,0.05555555555555555,0,16588876288,20342779392
362,1,0.10428095096722245,9.58947910164647,False,llava_ov_7b,15000,2.0,196,rlt,0.6,11664,78400,0.14877551020408164,none,,,,,0.05555555555555555,0,16588876288,20342779392
363,1,0.014565806020982563,68.65394188000748,False,llava_ov_7b,15000,2.0,196,rlt,0.6,11664,78400,0.14877551020408164,none,,,,,0.05555555555555555,0,16588876288,20342779392
364,1,0.014488459099084139,69.02045228972715,False,llava_ov_7b,15000,2.0,196,rlt,0.6,11664,78400,0.14877551020408164,none,,,,,0.05555555555555555,0,16588876288,20342779392
365,1,0.014570474973879755,68.63194245847738,False,llava_ov_7b,15000,2.0,196,rlt,0.6,11664,78400,0.14877551020408164,none,,,,,0.05555555555555555,0,16588876288,20342779392
366,1,0.10570045607164502,9.460697116786214,False,llava_ov_7b,15000,2.0,196,rlt,0.6,11664,78400,0.14877551020408164,none,,,,,0.05555555555555555,0,16588876288,20342779392
367,1,0.015201354050077498,65.7836135324341,False,llava_ov_7b,15000,2.0,196,rlt,0.6,11664,78400,0.14877551020408164,none,,,,,0.05555555555555555,0,16588876288,20342779392
368,1,0.014677706989459693,68.13053297208594,False,llava_ov_7b,15000,2.0,196,rlt,0.6,11664,78400,0.14877551020408164,none,,,,,0.05555555555555555,0,16588876288,20342779392
369,1,0.014419456012547016,69.350743823474,False,llava_ov_7b,15000,2.0,196,rlt,0.6,11664,78400,0.14877551020408164,none,,,,,0.05555555555555555,0,16588876288,20342779392
370,1,0.014495339011773467,68.98769316038594,False,llava_ov_7b,15000,2.0,196,rlt,0.6,11664,78400,0.14877551020408164,none,,,,,0.05555555555555555,0,16588876288,20342779392
371,1,0.10645575798116624,9.393573621230674,False,llava_ov_7b,15000,2.0,196,rlt,0.6,11664,78400,0.14877551020408164,none,,,,,0.05555555555555555,0,16588876288,20342779392
372,1,0.014493639930151403,68.99578055059035,False,llava_ov_7b,15000,2.0,196,rlt,0.6,11664,78400,0.14877551020408164,none,,,,,0.05555555555555555,0,16588876288,20342779392
373,1,0.014461320010013878,69.14998072842178,False,llava_ov_7b,15000,2.0,196,rlt,0.6,11664,78400,0.14877551020408164,none,,,,,0.05555555555555555,0,16588876288,20342779392
374,1,0.1072404570877552,9.324839031427262,False,llava_ov_7b,15000,2.0,196,rlt,0.6,11664,78400,0.14877551020408164,none,,,,,0.05555555555555555,0,16588876288,20342779392
375,1,0.015046915970742702,66.45880138789934,False,llava_ov_7b,15000,2.0,196,rlt,0.6,11664,78400,0.14877551020408164,none,,,,,0.05555555555555555,0,16588876288,20342779392
376,1,0.014641628949902952,68.2984115648299,False,llava_ov_7b,15000,2.0,196,rlt,0.6,11664,78400,0.14877551020408164,none,,,,,0.05555555555555555,0,16588876288,20342779392
377,1,0.014527310035191476,68.83586827689119,False,llava_ov_7b,15000,2.0,196,rlt,0.6,11664,78400,0.14877551020408164,none,,,,,0.05555555555555555,0,16588876288,20342779392
378,1,0.014565061079338193,68.65745324052139,False,llava_ov_7b,15000,2.0,196,rlt,0.6,11664,78400,0.14877551020408164,none,,,,,0.05555555555555555,0,16588876288,20342779392
379,1,0.014417858910746872,69.35842597645437,False,llava_ov_7b,15000,2.0,196,rlt,0.6,11664,78400,0.14877551020408164,none,,,,,0.05555555555555555,0,16588876288,20342779392
380,1,0.01448473404161632,69.0382023671877,False,llava_ov_7b,15000,2.0,196,rlt,0.6,11664,78400,0.14877551020408164,none,,,,,0.05555555555555555,0,16588876288,20342779392
381,1,0.10796416900120676,9.262332209390902,False,llava_ov_7b,15000,2.0,196,rlt,0.6,11664,78400,0.14877551020408164,none,,,,,0.05555555555555555,0,16588876288,20342779392
382,1,0.014552804990671575,68.7152752092126,False,llava_ov_7b,15000,2.0,196,rlt,0.6,11664,78400,0.14877551020408164,none,,,,,0.05555555555555555,0,16588876288,20342779392
383,1,0.014579531969502568,68.58930739970239,False,llava_ov_7b,15000,2.0,196,rlt,0.6,11664,78400,0.14877551020408164,none,,,,,0.05555555555555555,0,16588876288,20342779392
384,1,0.014430818962864578,69.2961364544411,False,llava_ov_7b,15000,2.0,196,rlt,0.6,11664,78400,0.14877551020408164,none,,,,,0.05555555555555555,0,16588876288,20342779392
385,1,0.014489336055703461,69.01627487660957,False,llava_ov_7b,15000,2.0,196,rlt,0.6,11664,78400,0.14877551020408164,none,,,,,0.05555555555555555,0,16588876288,20342779392
386,1,0.10879963706247509,9.191207130826903,False,llava_ov_7b,15000,2.0,196,rlt,0.6,11664,78400,0.14877551020408164,none,,,,,0.05555555555555555,0,16588876288,20342779392
387,1,0.015171229024417698,65.91423795597088,False,llava_ov_7b,15000,2.0,196,rlt,0.6,11664,78400,0.14877551020408164,none,,,,,0.05555555555555555,0,16588876288,20342779392
388,1,0.014578528003767133,68.59403087483162,False,llava_ov_7b,15000,2.0,196,rlt,0.6,11664,78400,0.14877551020408164,none,,,,,0.05555555555555555,0,16588876288,20342779392
389,1,0.014851993066258729,67.33103062590533,False,llava_ov_7b,15000,2.0,196,rlt,0.6,11664,78400,0.14877551020408164,none,,,,,0.05555555555555555,0,16588876288,20342779392
390,1,0.014689087052829564,68.07775026477017,False,llava_ov_7b,15000,2.0,196,rlt,0.6,11664,78400,0.14877551020408164,none,,,,,0.05555555555555555,0,16588876288,20342779392
391,1,0.014550133026205003,68.72789397863136,False,llava_ov_7b,15000,2.0,196,rlt,0.6,11664,78400,0.14877551020408164,none,,,,,0.05555555555555555,0,16588876288,20342779392
392,1,0.10958707693498582,9.125163550016623,False,llava_ov_7b,15000,2.0,196,rlt,0.6,11664,78400,0.14877551020408164,none,,,,,0.05555555555555555,0,16588876288,20342779392
393,1,0.014549421961419284,68.73125287394241,False,llava_ov_7b,15000,2.0,196,rlt,0.6,11664,78400,0.14877551020408164,none,,,,,0.05555555555555555,0,16588876288,20342779392
394,1,0.014544061035849154,68.75658714131731,False,llava_ov_7b,15000,2.0,196,rlt,0.6,11664,78400,0.14877551020408164,none,,,,,0.05555555555555555,0,16588876288,20342779392
395,1,0.11076336400583386,9.028255948847223,False,llava_ov_7b,15000,2.0,196,rlt,0.6,11664,78400,0.14877551020408164,none,,,,,0.05555555555555555,0,16588876288,20342779392
396,1,0.014956263010390103,66.86162173701418,False,llava_ov_7b,15000,2.0,196,rlt,0.6,11664,78400,0.14877551020408164,none,,,,,0.05555555555555555,0,16588876288,20342779392
397,1,0.014567601028829813,68.64548239761396,False,llava_ov_7b,15000,2.0,196,rlt,0.6,11664,78400,0.14877551020408164,none,,,,,0.05555555555555555,0,16588876288,20342779392
398,1,0.014537591021507978,68.78718754163098,False,llava_ov_7b,15000,2.0,196,rlt,0.6,11664,78400,0.14877551020408164,none,,,,,0.05555555555555555,0,16588876288,20342779392
399,1,0.014445162960328162,69.22732562771186,False,llava_ov_7b,15000,2.0,196,rlt,0.6,11664,78400,0.14877551020408164,none,,,,,0.05555555555555555,0,16588876288,20342779392
